Book,Meta,Count
JK000458-ara1,0982IbnMuhammadAbuSacud.IrshadCaqlSalim,7
JK006950-ara1,0728IbnTaymiyya.RasailWaFatawa,5
Shamela0037458-ara1,1307Qannawji.FathBayan,11
Shamela0009776-ara1,1393MuhammadTahirIbnCashurTunisi.TahrirWaTanwir,12
Shamela0023623-ara1,1250Shawkani.FathQadir,8
Shia001432Vols-ara1,Not found,18
ShamIbadiyya0000194-ara1,0280HudHawari.Tafsir,8
Shamela0012318-ara1.completed,0400IbnTahirMaqdisi.BadWaTarikh,1
Shia001417-ara1,1104IbnHasanHurrCamili.JawahirSaniyya,2
Zaydiyya0000062-ara1,0810IbnHadi.JawharShaffaf,12
Shamela0095590-ara1,0333AbuMansurMaturidi.Tafsir,12
Shamela0023629-ara1,0465IbnHawazinQushayri.LataifIsharat,6
Shia002359Vols-ara1,0548IbnHasanTabarsi.TafsirMajmacBayan,15
Shamela0023591-ara1.completed,0745AbuHayyanGharnati.TafsirBahrMuhit,9
Shia003721Vols-ara1,0774IbnKathir.QisasAnbiya,7
Shamela0021766-ara1,1225ThanaAllahPanipati.TafsirMazhari,9
ShamAY0034059-ara1,1127IsmacilHaqqiBurusawi.RuhBayan,6
Shia002374Vols-ara1,0683IbnMunayyir.Insaf,3
Shamela0023578-ara1.completed,0427AbuIshaqThaclabi.KashfWaBayan,9
Shamela0008206-ara1,0387IbnBattaCukbari.IbanaKubra,4
Sham19Y0147312-ara1,0643MuntajibHamadhani.FaridFiIcrab,13
Tafsir05047-ara1,0850Acqam.Tafsir,4
Shamela0007798-ara1.inProgress,0310Tabari.JamicBayan,17
Shamela0010283-ara1.completed,0733Nuwayri.NihayaArab,1
Tafsir07057-ara1,1431MuhammadSayyidTantawi.TafsirWasit,8
Tafsir02091-ara1,0360Tabarani.TafsirKabir,6
Shamela0001394-ara1,0710IbnAhmadHafizDinNasafi.Tafsir,9
Shia003689-ara1,0436SharifMurtada.TanzihAnbiya,1
Shia002380Vols-ara1,1091MuhammadMuhsinFaydKashani.TafsirAsfa,6
Shamela0023631-ara1,1332IbnMuhammadJamalDinQasimi.MahasinTawil,15
Tafsir03092-ara1,0437IbnHammushQayruwani.Hidaya,5
Shia002669-ara1,0911Suyuti.TafsirJalalayn,6
Shamela0022593-ara1.completed,0437MakkiIbnHammushQaysi.Hidaya,5
Shamela0011817-ara1,0728IbnTaymiyya.Nubuwwat,3
ShamAY0037747-ara2,0774IbnMuhammadShamsDinIbnMawsili.MukhtasarSawaciqMursala,1
Sham19Y0145435-ara1,1411MuhammadTahirBarnaji.SahihWaDacifTarikhTabari,5
ShamIbadiyya0000075-ara1,1207SacidKindi.TafsirMuyassar,5
Shia002337Vols-ara1,0329IbnIbrahimQummi.Tafsir,6
Sham19Y0020891-ara1,0743SharafDinTibi.FutuhGhayb,14
Sham19Y0014404-ara1,0928MujirDinCulaymi.FathRahman,7
Sham19Y0013231-ara1,0468IbnAhmadWahidiNaysaburi.WasitFiTafsir,7
JK006476-ara1,0489IbnMuhammadSamcani.TafsirQuran,12
Sham19Y0017124-ara1,0581AbuMusaMadini.MajmucMughith,1
Shia002179-ara1,0598IbnIbrahimIbnHajjQunawi.HazzGhalasim,1
JK009266-ara1,0800IbnCadilHanbali.LubabFiCulumKitab,13
Shia001625-ara1,1412SayyidTabatabai.SunanNabi,2
Shamela0023628-ara1.completed,0741KhazinBaghdadi.LubabTawil,16
Tafsir03037-ara1,1124IbnMuhammadIbnCajibaFasiSufi.BahrMadid,9
Shamela0023588-ara1,0685NasirDinBaydawi.AnwarTanzil,12
ShamIbadiyya0000024-ara1,1332NurDinSalimi.RawdBayan,2
Sham19Y0020587-ara1,0728IbnTaymiyya.Iman,1
Sham19Y0023618-ara1,0873AbuZaydThacalibi.JawahirHisan,10
Shamela0004445-ara1.completed,0774IbnKathir.Bidaya,9
ShamIbadiyya0000007-ara1,0570AbuYacqubWarjalani.DalilWaBurhan,1
Shamela0023613-ara1,0730NizamDinNaysaburi.GharaibQuran,12
JK000791-ara1,0597IbnJawzi.ZadMasir,12
ShamAY0034052-ara1,0538JarAllahZamakhshari.Kashshaf,8
Shia001372-ara1,0664IbnTawus.JamalUsbuc,1
Shamela0008658-ara1,0327IbnAbiHatimRazi.Tafsir,5
Shamela0004473-ara1,1450JamicaIslamiyya.MajallaJIMN,12
Shamela0008555-ara1,1285IbnHasanAlShaykh.MatlabHamid,2
Sham19Y0133357-ara1,0597IbnFarasAndalusi.AhkamQuran,1
Shamela0023635-ara1,0606FakhrDinRazi.MafatihGhayb,15
Shamela0037325-ara1,1450Maghrawi.MawsucaMawaqifSalaf,2
Shia002616Vols-ara1,0671AbuCabdAllahQurtubi.JamicLiAhkamQuran,13
Shamela0010273-ara1,1224IbnCajiba.BahrMadid,19
Shamela0000170-ara1,0728IbnTaymiyya.JawabSahih,3
Shamela0006947-ara1,1354RashidRida.Manar,5
ShamAY0034055-ara1,1342MahmudShukriAlusi.RawhMacani,5
ShamAY0034371-ara1,0728IbnTaymiyya.MajmucatRasailWaMasail,3
Tafsir09083-ara1,1450MuhammadCaliSabuni.SafwatTafasir,6
Shamela0023614-ara2,0150MuqatilIbnSulayman.TafsirMuqatil,7
Shamela0022653-ara1,0728IbnTaymiyya.JamicRasail,1
Shia001187Vols-ara1,1104IbnHasanHurrCamili.WasailShica,1
JK007018-ara1,0660SultanCulamaCizzDinDimashqi.TafsirQuran,6
Shamela0000041-ara1.completed,0510IbnMascudBaghawi.Tafsir,13
Tafsir08090-ara1,0745AbuHayyanGharnati.TafsirNahrMadd,2
Tafsir02018-ara1,0725KhazinBaghdadi.LubabTawil,6
Shia002456Vols-ara1,0104MujahidIbnJabr.Tafsir,1
Shamela0023587-ara1,0338AbuJacfarNahhas.IcrabQuran,7
ShamAY0034392-ara1,0728IbnTaymiyya.SharhCaqidaIsfahaniyya,2
JK000865-ara1,0817MajdDinFiruzabadi.TanwirMiqbas,3
Shia002356Vols-ara1,0548IbnHasanTabarsi.TafsirJawamicJamic,12
Shia002335Vols-ara1,0320IbnMascudCayyashi.Tafsir,1
Shamela0002386-ara1,1285IbnHasanAlShaykh.FathMajid,1
Shia002406Vols-ara1,1412SayyidTabatabai.TafsirMizan,11
ShamAY0034068-ara2,0977KhatibShirbini.SirajMunir,7
JK000028-ara1,0728IbnTaymiyya.Istiqama,2
Shamela0022928-ara1,0616MuhibbDinCukbari.TibyanFiIcrabQuran,9
Zaydiyya0000405-ara1,1372AhmadIbnMuhammadRahuni.RafcKhasasa,1
ShamAY0034066-ara1,0429AbuMansurThacalibi.Jawahir,3
Zaydiyya0000044-ara1,0566MutawakkilAhmad.HaqaiqMacrifa,3
ShamAY0034054-ara1,1281IbnMuhammadShawkani.TafsirFathQadir,3
Zaydiyya0000142-ara1,1390CabdHusaynAmini.Ghadir,1
Shia003026Vols-ara1.completed,1424MuhammadCaliAbtahi.TahdhibMaqal,1
Shamela0022769-ara1,1316IbnCumarBantaniJawi.MarahLabid,7
Sham19Y0013550-ara1,0716NajmDinTufi.Isharat,3
Shamela0000922-ara1,0311IbnSariZajjaj.MacaniQuran,8
Zaydiyya0000454-ara1,1450MuhammadSadiqNajmi.AdwaCalaSahihayn,1
Sham19Y0013223-ara2,0656IbnCabdQawiMundhiri.TarghibWaTarhib,4
Shamela0012884-ara1.completed,0911Suyuti.DurrManthur,5
JK003501-ara1,0927Culaymi.UnsJalil,1
Shamela0023594-ara1,0367AbuLaythSamarqandi.BahrCulum,10
ShamAY0034073-ara1,0885BurhanDinBiqaci.NazmDurar,7
Shamela0008381-ara1,1450LajnaDaima.Fatawa,3
Shia002702Vols-ara1,1270ShihabDinAlusi.RuhMacani,15
Tafsir09084-ara1,1450MuhammadCaliSabuni.MukhtasarTafsirIbnKathir,6
JK000381-ara1,0728IbnTaymiyya.MajmucFatawa,16
Shamela0008473-ara1.completed,0774IbnKathir.TafsirQuran,15
Tafsir10066-ara1,1450AbuBakrJazairi.AysarTafasir,2
Zaydiyya0000476-ara1,1437IsmacilKibsi.HunaQuran,8
Tafsir06048-ara1,0250HudHawari.Tafsir,5
Shamela0009883-ara1,0505Ghazali.JawahirQuran,1
ShamIbadiyya0000888-ara1,1332QutbAtfayyish.TakhlisCani,2
Shamela0023632-ara1.completed,0541IbnCatiyyaAndalusi.MuharrarWajiz,14
Shamela0030903-ara1,0728IbnTaymiyya.AmrBiMacruf,2
JK000698-ara1.completed,0458Bayhaqi.Ictiqad,1
JK000101-ara1,0751IbnQayyimJawziyya.SawaciqMursala,1
Shamela0009924-ara1,1421MuhammadCuthaymin.FatawaArkanIslam,1
JK000374-ara1,0728IbnTaymiyya.BughyatMurtad,2
Shamela0009783BK1-ara1.completed,0310Tabari.Tarikh,1
JK000362-ara1,0728IbnTaymiyya.DarTacarud,6
Shia002341Vols-ara1,0460ShaykhTusi.Tibyan,7
JK010552-ara1,0390IbnZakariyaNahrawani.JalisSalih,2
ShamAY0034390-ara1,0728IbnTaymiyya.TahrimAqsam,1
Shia004456Vols-ara1,1450Milani.NafahatAzhar,1
Shamela0003055-ara1,1450CulamaNajd.DurarSaniyya,7
Shamela0012820-ara1,0505IbnHamzaTajQurraKirmani.GharaibTafsir,1
Zaydiyya0000079-ara1,1029QasimIbnMuhammadImam.Majmuc,1
Zaydiyya0000075-ara1,0246QasimRassi.Majmuc,4
Tafsir06049-ara1,1332QutbAtfayyish.HamayanZad,5
Shamela0008317-ara1,0885BurhanDinBiqaci.MasracTasawwuf,1
Shamela0012027-ara1,1326IbnMuhammadHindiSahsayani.SiyanatInsan,1
Sham19Y0132415-ara1,0893IbnIsmacilShihabDinKurani.DurarLawamic,2
Shamela0009690-ara1,0728IbnTaymiyya.FatawaKubra,2
Shamela0006617-ara1.completed,1269CabdMalikCasimi.SamtNujum,2
Shamela0013073-ara1,0338AbuJacfarNahhas.NasikhWaMansukh,1
Tafsir02014-ara1,0541IbnCatiyaAndalusi.MuharrirWajiz,2
ShamAY0036821-ara1,0458IbnSidaMursi.IcrabQuran,5
Shia003732Vols-ara1,0942IbnYusufShami.SubulHuda,2
Shamela0097927-ara1,0543IbnCarabiIshbili.QanunTawil,3
Tafsir07055-ara1,1393MuhammadAminShanqiti.AdwaBayan,2
JK001487-ara1,0387IbnBattaCukbari.IbanaCanSharica,3
ShamAY0033108-ara1,0360Tabarani.Tafsir,5
Shamela0005515-ara1,0410IbnSalamaBaghdadi.NasikhWaMansukh,1
ShamAY0034430-ara3,0751IbnQayyimJawziyya.HidayatHayara,2
Shamela0029743-ara1,0905IbnCabdRahmanIjiShafici.Tafsir,8
Shamela0022649-ara1,0728IbnTaymiyya.QacidaJalila,1
JK000079-ara1,0728IbnTaymiyya.AmradQulub,1
Shia002218Vols-ara1,0762IbnYusufZaylaci.TakhrijAhadith,1
Shamela0011573-ara1,1285IbnHasanAlShaykh.MasailWaFatawaNajdiyya,1
Shamela0022371-ara1,0215AkhfashAwsat.MacaniQuran,2
Shamela0011812-ara1.completed,0548IbnCabdKarimShahrastani.MilalWaNihal,1
Zaydiyya0000146-ara1,0404MahdiHusaynIbnQasim.Majmuc,2
Shamela0001535-ara1,1069ShihabDinKhafaji.HashiyaCalaTafsirBaydawi,2
Shia003656Vols-ara1,1450MuhammadHadiYusufi.MawsucatTarikhIslam,2
Shamela0011258-ara1,0728IbnTaymiyya.SharhHadithNuzul,2
Zaydiyya0000074-ara1,0122ZaydIbnCali.MajmucRasail,1
Shia000001-ara1,0001KitabAllah.QuranKarim,3
Tafsir04042-ara1,1350SultanCaliShahGanabadhi.TafsirBayanSacada,2
JK000462-ara1,0468IbnAhmadWahidiNaysaburi.WajizFiTafsir,3
Shia001122Vols-ara1,0329IbnYacqubKulayni.Kafi,1
Shamela0009873-ara1,1044IbnBurhanDinHalabi.SiraHalabiyya,1
Shamela0011380-ara1,1225IbnNasirNajdi.MajmucatRasail,1
Zaydiyya0000295Vols-ara1,1062CabdAllahSharafi.MasabihSatica,5
JK000368-ara1,0728IbnTaymiyya.Safadiyya,1
Shamela0007370-ara1,0370IbnCaliJassas.AhkamQuran,1
Tafsir02096-ara1,1241IbnMuhammadKhalwatiSawi.HashiyaCalaTafsirJalalayn,1
Shia004015-ara1,0726CallamaHilli.KitabAlfayn,1
Shia002389Vols-ara1,1112IbnJumcaHuwayzi.TafsirNurThaqalayn,4
JK007099-ara1,1233SulaymanSibtIbnCabdWahhab.Taysir,1
Shamela0008549-ara1,1342MahmudShukriAlusi.FaslKhitab,1
Noorlib0005343-ara1,Not found,1
Tafsir07076-ara1,1418MuhammadMutawalliShacrawi.Khawatir,6
JK000966-ara1,0840IbnWazirYamani.ItharHaqq,1
Shamela0023630-ara1,0209MacmarIbnMuthanna.MajazQuran,1
Shia002378-ara1,1016MuhibbDinHamawi.TanzilAyat,1
Zaydiyya0000408-ara1,0246QasimRassi.KitabFihiMasail,1
Zaydiyya0000219-ara1,0316MuhammadMurtada.Fiqh,2
Shia002508Vols-ara1,0338AbuJacfarNahhas.MacaniQuran,2
Shamela0003118-ara1.completed,0711IbnManzurIfriqi.MukhtasarTarikhDimashq,1
Shamela0009270-ara1.completed,0458Bayhaqi.AsmaWaSifat,1
Shamela0001404-ara1,0885BurhanDinBiqaci.MasacidNazar,1
Shia002382Vols-ara1,1091MuhammadMuhsinFaydKashani.TafsirSafi,7
Shia002333-ara1,0148AbuHamzaThumali.Tafsir,2
Shamela0011354-ara1,1285IbnHasanAlShaykh.KashfMaAlqahuIblis,3
Zaydiyya0000220-ara1,1450CaliKuraniCamili.AlfSual,2
ShamAY0036736-ara1,0468IbnAhmadWahidiNaysaburi.AsbabNuzul,2
Shamela0011079-ara1,1282Ababutayn.TasisTaqdis,1
Shamela0023600-ara1,0283SahlTustari.Tafsir,1
Shamela0000927-ara1,0728IbnTaymiyya.MinhajSunna,3
JK009396-ara1,0450AbuHasanMawardi.NukatWaCuyun,8
Shamela0005548-ara1,0630IbnMuhammadBadrDinRazi.HujajQuran,1
Zaydiyya0000093-ara1,1077Jurmuzi.NubdhaMushira,1
JK010001-ara1,1225IbnNasirNajdi.FawakihCidhab,2
Zaydiyya0000153-ara1,1390MahmudAbuRayya.AdwaCalaSunna,1
Zaydiyya0000473-ara1,0411MuayyadAhmad.IthbatNubuwwa,1
JK011115-ara1,0281IbnAbiDunya.IkhlasWaNiyya,1
Shamela0007853-ara1.completed,0421AbuSacdAbi.NathrDurr,1
Shia001174Vols-ara1,1081MuhammadSalihMazandarani.SharhUsulKafi,3
Zaydiyya0000413Vols-ara1,1115IshaqIbnMuhammadCabdi.Ihtiras,2
Zaydiyya0000338-ara1,1029QasimIbnMuhammadImam.HatfAnfAfak,1
Zaydiyya0000206-ara1,1450MuallifMajhul.IsmacilWaIshaq,1
Shamela0005756-ara1.completed,0855BadrDinCayni.CumdatQari,1
JK000371-ara1,0728IbnTaymiyya.RaddCalaMantiqiyyin,1
Shamela0011620-ara1,0728IbnTaymiyya.IqtidaSirat,2
Shia004552Vols-ara1,1328MuhammadJawadBalaghi.HudaIlaDinMustafa,2
Shamela0001417-ara1,0911Suyuti.MuctarakAqran,1
Sham19Y0014088-ara1,0724IbnCattar.IctiqadKhalis,1
Tafsir09071-ara1,1432AscadHawmad.AysarTafasir,1
Shia002394Vols-ara1,1125MirzaMuhammadMashhadi.TafsirKanzDaqaiq,1
ShamIbadiyya0000193-ara1,1332QutbAtfayyish.Tafsir,2
Sham19Y0145411-ara2,0751IbnQayyimJawziyya.MiftahDarSacada,2
Tafsir10098-ara1,1376CabdRahmanSacdi.TaysirKarimRahman,4
Shamela0002864-ara1,0728IbnTaymiyya.BayanTalbisJahmiyya,1
SHAM19Y23644-ara1,0654SibtIbnJawzi.MiratZaman,2
Tafsir09050-ara1,1332QutbAtfayyish.TaysirTafsir,2
Zaydiyya0000331-ara1,1029QasimIbnMuhammadImam.JawabMukhtar,1
JK007095-ara1,0399IbnAbiZamanaynIlbiri.Tafsir,3
Shia001399-ara1,0905IbnCaliTaqiDinKafcami.Misbah,1
Sham19Y0014592-ara1,1061NajmDinGhazzi.HusnTanabbuh,4
Shamela19Y0145334-ara1,0845Maqrizi.Muqaffa,1
Zaydiyya0000034-ara1,1079MuhammadIbnHasanIbnQasim.SabilRashad,1
Zaydiyya0000015-ara1,1407CaliIbnMuhammadCujri.MiftahSacada,1
JK000875-ara1,0403IbnZanjala.HujjatQiraat,1
Shia002294Vols-ara1,1162IbnMuammadAbuFidaCajluni.KashfKhafa,1
JK000916-ara1.mARkdown,0571IbnCasakir.TarikhDimashq,1
Sham19Y0018612-ara1,0751IbnQayyimJawziyya.IghathatLahfan,1
Shamela0002247-ara1,0911Suyuti.LubabNuqul,1
Shamela0023177-ara1,0902Sakhawi.MaqasidHasana,1
Shamela0001585-ara1.mARkdown,0520IbnMuhammadTurtushi.SirajMuluk,1
Shia002185Vols-ara1.completed,0656IbnAbiHadid.SharhNahjBalagha,1
JK007063-ara1,0597IbnJawzi.Tabsira,1
Shia002462-ara1,0161SufyanThawri.Tafsir,1
JK001480-ara1,0741IbnAhmadGharnatiKalbi.TashilLiCulumTanzil,2
Shia004484-ara1,0246IbnIbrahimBursi.TathbitImama,1
Zaydiyya0000144-ara1,0614MansurCabdAllah.SharhRisalaNasiha,1
JK000383-ara1,0774IbnKathir.TalkhisKitabIstighatha,2
Shamela0001419-ara1,0708IbnIbrahimAbuJacfarGharnati.MalakTawilQatic,1
Tafsir02079-ara1,0756IbnYusufSaminHalabi.DurrMasun,2
ShamAY0034383-ara1,0728IbnTaymiyya.RafcMalam,1
Tafsir09068-ara1,1404IbrahimQattan.TaysirTafsir,3
ShamAY0035035-ara1,1205MurtadaZabidi.IthafSada,1
Shamela0011073-ara1,1285IbnHasanAlShaykh.BayanMahabba,1
Shamela0012033-ara1,1293CabdLatifAlShaykh.CuyunRasailwaAjwiba,1
Tafsir03097-ara1,0618NajmDinAhmadIbnCumar.Tawilat,1
Sham19Y0018328-ara1,0728IbnTaymiyya.Istighatha,3
Shamela0007610-ara1,0240IbnYahyaKinani.Hida,1
JK000911-ara1.mARkdown,0630IbnAthirCizzDin.Kamil,1
Shamela0029677-ara1,0840IbnWazirYamani.CawasimWaQawasim,3
Sham19Y0122187-ara1,0471CabdQahirJurjani.DarjDurar,1
Sham19Y0122232-ara1,0513AbuWafaIbnCaqil.WadihFiUsulFiqh,1
Shamela0001397-ara1,0403AbuBakrBaqillani.IntisarQuran,1
ShamAY0034352-ara1,0728IbnTaymiyya.TalkhisIstighatha,1
ShamAY0034182-ara1,0456IbnHazm.IhkamFiUsulAhkam,1
Shamela0012406-ara1.mARkdown,0597IbnJawzi.Muntazam,1
Shamela0010517-ara1,1450MusaCaffana.Fatawa,1
Shamela0008635-ara1,1031CabdRaufMunawi.FathSamawi,1
Shamela0009784-ara1,0966HusaynDiyarbakri.TarikhKhamis,2
Zaydiyya0000077Vols-ara1,0614MansurCabdAllah.Majmuc,1
Shamela0009823-ara1,0956IbnCumarShamsDinSafiri.MajalisWacziyya,1
Shamela0023596-ara1.completed,0276IbnQutaybaDinawari.TawilMushkilQuran,1
Zaydiyya0000148-ara1,1077Jurmuzi.TuhfatAsmac,1
Shia003459BK2-ara1.mARkdown,0220AbuJacfarIskafi.NaqdCuthmaniyya,1
ShamAY0033889-ara1,1206IbnCabdWahhab.MasailJahiliyya,1
Shia001146-ara1.completed,0381IbnBabawayh.KamalDin,1
Shamela0011212-ara1,1282Ababutayn.RasailWaFatawa,1
ShamAY0034694-ara1,1119IbnMacsum.TirazAwwal,1
Shamela0011099-ara1,1206IbnCabdWahhab.TafsirAyatMinQuran,1
Zaydiyya0000398-ara1,1190IbnQasimShuhari.BulughArab,1
